[gd_scene load_steps=7 format=3 uid="uid://m4we37u3ylbi"]

[ext_resource type="PackedScene" uid="uid://cy5upavlqi6hn" path="res://objects/player/player.tscn" id="1_jwxda"]
[ext_resource type="ArrayMesh" uid="uid://b0r0tomectdri" path="res://assets/models/meshes/Plant.res" id="2_4k4le"]
[ext_resource type="Material" uid="uid://d2sac0o84lqtd" path="res://addons/pixpal_tools/Imphenzia/PixPal/Materials/M_ImphenziaPixPal.tres" id="3_ue48c"]
[ext_resource type="ArrayMesh" uid="uid://d1fldrsj0xq6a" path="res://assets/models/meshes/Stick.res" id="4_2f6c8"]
[ext_resource type="ArrayMesh" uid="uid://cx5nyfyp6t57a" path="res://assets/models/meshes/Terrain.res" id="5_m0qpf"]
[ext_resource type="ArrayMesh" uid="uid://d2if8vc2uodyb" path="res://assets/models/meshes/Rock.res" id="6_bxp2n"]

[node name="Node3D" type="Node3D"]

[node name="DirectionalLight3D" type="DirectionalLight3D" parent="."]
transform = Transform3D(-2.18557e-08, 1, 3.78552e-08, -0.5, -4.37114e-08, 0.866025, 0.866025, 0, 0.5, 23.9034, 25.768, 12.8686)
shadow_enabled = true

[node name="Player" parent="." instance=ExtResource("1_jwxda")]
transform = Transform3D(1, 0, 0, 0, 1, 0, 0, 0, 1, 0, 3.63167, 0)

[node name="WorldEnvironment" type="WorldEnvironment" parent="."]

[node name="Plants" type="Node3D" parent="."]

[node name="Plant01" type="CSGMesh3D" parent="Plants"]
transform = Transform3D(1, 0, 0, 0, 1, 0, 0, 0, 1, 0, 0, 6.68202)
use_collision = true
mesh = ExtResource("2_4k4le")
material = ExtResource("3_ue48c")

[node name="Plant02" type="CSGMesh3D" parent="Plants"]
transform = Transform3D(1, 0, 0, 0, 1, 0, 0, 0, 1, 0, 0, -6.09453)
use_collision = true
mesh = ExtResource("2_4k4le")

[node name="Rocks" type="Node3D" parent="."]

[node name="Rock01" type="CSGMesh3D" parent="Rocks"]
transform = Transform3D(0.937136, -0.348811, 0.0103646, 0.348965, 0.936723, -0.027834, 0, 0.0297011, 0.999559, 0.233287, 0.304745, -0.115903)
use_collision = true
mesh = ExtResource("6_bxp2n")

[node name="Sticks" type="Node3D" parent="."]

[node name="Stick001" type="CSGMesh3D" parent="Sticks"]
transform = Transform3D(1, 0, 0, 0, 0.617448, 0.786612, 0, -0.786612, 0.617448, -0.508551, -0.834742, 5.62818)
use_collision = true
mesh = ExtResource("4_2f6c8")

[node name="Terrain" type="Node3D" parent="."]

[node name="Terrain1" type="CSGMesh3D" parent="Terrain"]
use_collision = true
mesh = ExtResource("5_m0qpf")
